method,scenario_id,scenario,rep,N,n_X,sigma2_x,ATE_est,NDE_d0_est,NIE_d1_est,NIE_d0_est,ATE_true,NDE_d0_true,NIE_d1_true,NIE_d0_true,ATE_bias,NDE_d0_bias,NIE_d1_bias,NIE_d0_bias,converged,first_10_loss,last_10_loss,last_10_loss_sd,relative_drop,relative_sd
cmavae,4,N4000_nX200_sx1,70,4000,200,1,1.574008,0.976735,0.597273,0.363206,1.698521,1.123416,0.575104,0.383403,-0.124512,-0.146681,0.022169,-0.020197,True,264.271002,236.599474,0.005883,0.104709,0.000025
